[gd_scene format=3 uid="uid://ccotmq2blruil"]

[ext_resource type="PackedScene" uid="uid://cmpn21nlov2kw" path="res://models/rooms/ceiling_1x1.glb" id="1_e4yq2"]
[ext_resource type="PackedScene" uid="uid://orine7kjqpy5" path="res://scenes/cctv_camera.tscn" id="2_fq3sa"]

[node name="Ceiling_1x1" type="Node3D" unique_id=1158804875]

[node name="ceiling_1x1" parent="." unique_id=799343212 instance=ExtResource("1_e4yq2")]

[node name="CCTVCamera" parent="." unique_id=463506906 instance=ExtResource("2_fq3sa")]
transform = Transform3D(0.70710677, -0.62375796, 0.33305568, 0, 0.47101188, 0.882127, -0.70710677, -0.62375796, 0.33305568, 9.427869, 12.186789, 9.427869)

[node name="CCTVCamera2" parent="." unique_id=1175148335 instance=ExtResource("2_fq3sa")]
transform = Transform3D(0.7071067, 0.6237579, -0.33305565, 0, 0.47101182, 0.88212687, 0.7071067, -0.6237579, 0.33305565, -9.428, 12.187, 9.428)

[node name="CCTVCamera3" parent="." unique_id=85950828 instance=ExtResource("2_fq3sa")]
transform = Transform3D(-0.7071067, 0.62375784, -0.33305562, 0, 0.4710118, 0.8821268, 0.7071067, 0.62375784, -0.33305562, -9.428, 12.187, -9.428)

[node name="CCTVCamera4" parent="." unique_id=354638136 instance=ExtResource("2_fq3sa")]
transform = Transform3D(-0.7071067, -0.62375784, 0.33305562, 0, 0.47101176, 0.88212675, -0.7071067, 0.62375784, -0.33305562, 9.428, 12.187, -9.428)
