[gd_scene format=3 uid="uid://ccotmq2blruil"]

[ext_resource type="PackedScene" uid="uid://cmpn21nlov2kw" path="res://models/rooms/ceiling_1x1.glb" id="1_e4yq2"]
[ext_resource type="PackedScene" uid="uid://orine7kjqpy5" path="res://scenes/cctv_camera.tscn" id="2_fq3sa"]

[node name="Ceiling_1x1" type="Node3D" unique_id=1158804875]

[node name="ceiling_1x1" parent="." unique_id=799343212 instance=ExtResource("1_e4yq2")]

[node name="CCTVCamera" parent="." unique_id=463506906 instance=ExtResource("2_fq3sa")]
transform = Transform3D(1, 0, 0, 0, 0.47122747, 0.88201183, 0, -0.88201183, 0.47122747, 0, 12.255888, 9.454101)

[node name="CCTVCamera2" parent="." unique_id=761336729 instance=ExtResource("2_fq3sa")]
transform = Transform3D(-1, 7.711799e-08, -4.1177163e-08, 0, 0.47101188, 0.882127, 8.742278e-08, 0.882127, -0.47101188, 0, 12.256, -9.454)

[node name="CCTVCamera3" parent="." unique_id=1057657850 instance=ExtResource("2_fq3sa")]
transform = Transform3D(-4.371139e-08, 0.882127, -0.47101188, 0, 0.47101188, 0.882127, 1, 3.8558994e-08, -2.0588582e-08, -9.454, 12.256, 0)

[node name="CCTVCamera4" parent="." unique_id=1179142837 instance=ExtResource("2_fq3sa")]
transform = Transform3D(-4.371139e-08, -0.882127, 0.47101188, 0, 0.47101188, 0.882127, -1, 3.8558994e-08, -2.0588582e-08, 9.454, 12.256, 0)
