[gd_scene format=3 uid="uid://m1e7amepqeqg"]

[ext_resource type="PackedScene" uid="uid://ds11bisonvhce" path="res://models/rooms/ceiling_2x2.glb" id="1_pj4wv"]
[ext_resource type="PackedScene" uid="uid://orine7kjqpy5" path="res://scenes/cctv_camera.tscn" id="2_1lrbs"]

[node name="Ceiling2x2" type="Node3D" unique_id=1083208716]

[node name="ceiling_2x2" parent="." unique_id=1612810171 instance=ExtResource("1_pj4wv")]

[node name="CCTVCamera3" parent="." unique_id=463506906 instance=ExtResource("2_1lrbs")]
transform = Transform3D(-4.371139e-08, 0.882127, -0.47101188, 0, 0.47101188, 0.882127, 1, 3.8558994e-08, -2.0588582e-08, -9.454, 12.256, 11)

[node name="CCTVCamera4" parent="." unique_id=197588733 instance=ExtResource("2_1lrbs")]
transform = Transform3D(-4.371139e-08, -0.882127, 0.47101188, 0, 0.47101188, 0.882127, -1, 3.8558994e-08, -2.0588582e-08, 31.454, 12.256, 11)

[node name="CCTVCamera5" parent="." unique_id=1140914333 instance=ExtResource("2_1lrbs")]
transform = Transform3D(0.99999994, 0, 1.7763568e-15, -1.7763567e-15, 0.47101185, 0.8821269, 0, -0.882127, 0.47101188, 11.000001, 12.256, 31.454)

[node name="CCTVCamera6" parent="." unique_id=1275618527 instance=ExtResource("2_1lrbs")]
transform = Transform3D(-0.99999994, 7.711799e-08, -4.117716e-08, 1.7763567e-15, 0.47101185, 0.8821269, 8.742278e-08, 0.882127, -0.47101188, 10.999999, 12.256, -9.454)
