[gd_scene format=3 uid="uid://m1e7amepqeqg"]

[ext_resource type="PackedScene" uid="uid://ds11bisonvhce" path="res://models/rooms/ceiling_2x2.glb" id="1_pj4wv"]
[ext_resource type="PackedScene" uid="uid://orine7kjqpy5" path="res://scenes/game_objects/cctv_camera.tscn" id="2_1lrbs"]

[node name="Ceiling2x2" type="Node3D" unique_id=1083208716]

[node name="ceiling_2x2" parent="." unique_id=1612810171 instance=ExtResource("1_pj4wv")]

[node name="CCTVCamera3" parent="." unique_id=463506906 instance=ExtResource("2_1lrbs")]
transform = Transform3D(-0.7071067, 0.62375784, -0.33305562, 0, 0.4710118, 0.8821268, 0.7071067, 0.62375784, -0.33305562, -9.428, 12.187, -9.428)

[node name="camera" parent="CCTVCamera3" index="1" unique_id=2010973750]
transform = Transform3D(-1, -5.378435e-08, 6.8920144e-08, -2.2626677e-08, 0.92072296, 0.39021695, -8.444392e-08, 0.39021695, -0.92072296, 0, 0, -0.025079563)

[node name="CCTVCamera4" parent="." unique_id=162013969 instance=ExtResource("2_1lrbs")]
transform = Transform3D(-0.7071067, -0.62375784, 0.33305565, 0, 0.4710118, 0.8821268, -0.70710677, 0.6237578, -0.33305556, 31.428, 12.187, -9.428)

[node name="camera" parent="CCTVCamera4" index="1" unique_id=2010973750]
transform = Transform3D(-1, -5.378435e-08, 6.8920144e-08, -2.2626677e-08, 0.92072296, 0.39021695, -8.444392e-08, 0.39021695, -0.92072296, 0, 0, -0.025079563)

[node name="CCTVCamera5" parent="." unique_id=1982309058 instance=ExtResource("2_1lrbs")]
transform = Transform3D(0.7071066, -0.62375796, 0.3330557, 0, 0.4710118, 0.8821268, -0.7071067, -0.62375784, 0.33305565, 31.428001, 12.187, 31.428)

[node name="camera" parent="CCTVCamera5" index="1" unique_id=2010973750]
transform = Transform3D(-1, -5.378435e-08, 6.8920144e-08, -2.2626677e-08, 0.92072296, 0.39021695, -8.444392e-08, 0.39021695, -0.92072296, 0, 0, -0.025079563)

[node name="CCTVCamera6" parent="." unique_id=294328887 instance=ExtResource("2_1lrbs")]
transform = Transform3D(0.7071067, 0.62375784, -0.33305565, 0, 0.4710118, 0.8821268, 0.70710665, -0.6237578, 0.33305556, -9.4279995, 12.187, 31.428)

[node name="camera" parent="CCTVCamera6" index="1" unique_id=2010973750]
transform = Transform3D(-1, -5.378435e-08, 6.8920144e-08, -2.2626677e-08, 0.92072296, 0.39021695, -8.444392e-08, 0.39021695, -0.92072296, 0, 0, -0.025079563)

[editable path="CCTVCamera3"]
[editable path="CCTVCamera4"]
[editable path="CCTVCamera5"]
[editable path="CCTVCamera6"]
